0 0,0,0,0,0,0
3 0,0,0,0,0,0
4 0,0,0,0,0,0
5 0,0,0,0,0,0
6 0,0,0,0,0,0
7 0,0,0,0,0,0
8 0,0,0,0,0,0
9 0,0,0,0,0,0
10 0,0,0,0,0,0
11 0,0,0,0,0,0
12 0,0,0,0,0,0
13 0,0,0,0,0,0
14 0,0,0,0,0,0
15 0,0,0,0,0,0
16 0,0,0,0,0,0
17 0,0,0,0,0,0
18 0,0,0,0,0,0
19 0,0,0,0,0,0
20 0,0,0,0,0,0
21 0,0,0,0,0,0
22 0,0,0,0,0,0
23 0,0,0,0,0,0
24 0,0,0,0,0,0
25 0,0,0,0,0,0
26 0,0,0,0,0,0
27 0,0,0,0,0,0
28 0,0,0,0,0,0
29 0,0,0,0,0,0
30 0,0,0,0,0,0
31 0,0,0,0,0,0
32 0,0,0,0,0,0
33 0,0,0,0,0,0
34 0,0,0,0,0,0
35 0,0,0,0,0,0
36 0,0,0,0,0,0
37 0,0,0,0,0,0
38 0,0,0,0,0,0
39 0,0,0,0,0,0
40 0,0,0,0,0,0
41 0,0,0,0,0,0
42 0,0,0,0,0,0
43 0,0,0,0,0,0
44 0,0,0,0,0,0
45 0,0,0,0,0,0
46 0,0,0,0,0,0
47 0,0,0,0,0,0
48 0,0,0,0,0,0
49 0,0,0,0,0,0
50 0,0,0,0,0,0
51 0,0,0,0,0,0
52 0,0,0,0,0,0
53 0,0,0,0,0,0
54 0,0,0,0,0,0
55 0,0,0,0,0,0
56 0,0,0,0,0,0
57 0,0,0,0,0,0
58 0,0,0,0,0,0
59 0,0,0,0,0,0
60 0,0,0,0,0,0
61 0,0,0,0,0,0
62 0,0,0,0,0,0
63 0,0,0,0,0,0
64 0,0,0,0,0,0
65 0,0,0,0,0,0
66 0,0,0,0,0,0
67 0,0,0,0,0,0
68 0,0,0,0,0,0
69 0,0,0,0,0,0
70 0,0,0,0,0,0
71 0,0,0,0,0,0
72 0,0,0,0,0,0
73 0,0,0,0,0,0
75 0,0,0,0,0,0
77 0,0,0,0,0,0
78 0,0,0,0,0,0
84 0,0,0,0,0,0
98 0,0,0,0,0,0
99 0,0,0,0,0,0
106 0,0,0,0,0,0
113 0,0,0,0,0,0
114 0,0,0,0,0,0
115 0,0,0,0,0,0
116 0,0,0,0,0,0
117 0,0,0,0,0,0
118 0,0,0,0,0,0
119 0,0,0,0,0,0
120 0,0,0,0,0,0
121 0,0,0,0,0,0
122 0,0,0,0,0,0
123 0,0,0,0,0,0
126 0,0,0,0,0,0
127 0,0,0,0,0,0
128 0,0,0,0,0,0
130 0,0,0,0,0,0
131 0,0,0,0,0,0
137 0,0,0,0,0,0
138 0,0,0,0,0,0
145 0,0,0,0,0,0
150 0,0,0,0,0,0
168 0,0,0,0,0,0
169 0,0,0,0,0,0
171 0,0,0,0,0,0
190 0,0,0,0,0,0
198 0,0,0,0,0,0
222 0,0,0,0,0,0
223 0,0,0,0,0,0
224 0,0,0,0,0,0
236 0,0,0,0,0,0
243 0,0,0,0,0,0
244 0,0,0,0,0,0
248 0,0,0,0,0,0
251 0,0,0,0,0,0
256 0,0,0,0,0,0
257 0,0,0,0,0,0
259 0,0,0,0,0,0
260 0,0,0,0,0,0
268 0,0,0,0,0,0
269 0,0,0,0,0,0
270 0,0,0,0,0,0
271 0,0,0,0,0,0
272 0,0,0,0,0,0
273 0,0,0,0,0,0
277 0,0,0,0,0,0
279 0,0,0,0,0,0
280 0,0,0,0,0,0
281 0,0,0,0,0,0
282 0,0,0,0,0,0
283 0,0,0,0,0,0
286 0,0,0,0,0,0
296 0,0,0,0,0,0
298 0,0,0,0,0,0
299 0,0,0,0,0,0
300 0,0,0,0,0,0
305 0,0,0,0,0,0
311 0,0,0,0,0,0
333 0,0,0,0,0,0
335 0,0,0,0,0,0
336 0,0,0,0,0,0
337 0,0,0,0,0,0
338 0,0,0,0,0,0
339 0,0,0,0,0,0
340 0,0,0,0,0,0
342 0,0,0,0,0,0
352 0,0,0,0,0,0
355 0,0,0,0,0,0
356 0,0,0,0,0,0
358 0,0,0,0,0,0
359 0,0,0,0,0,0
361 0,0,0,0,0,0
369 0,0,0,0,0,0
377 0,0,0,0,0,0
379 0,0,0,0,0,0
381 0,0,0,0,0,0
417 0,0,0,0,0,0
418 0,0,0,0,0,0
421 0,0,0,0,0,0
422 0,0,0,0,0,0
424 0,0,0,0,0,0
425 0,0,0,0,0,0
426 0,0,0,0,0,0
427 0,0,0,0,0,0
432 0,0,0,0,0,0
441 0,0,0,0,0,0
442 0,0,0,0,0,0
443 0,0,0,0,0,0
444 0,0,0,0,0,0
446 0,0,0,0,0,0
448 0,0,0,0,0,0
449 0,0,0,0,0,0
450 0,0,0,0,0,0
464 0,0,0,0,0,0
467 0,0,0,0,0,0
468 0,0,0,0,0,0
470 0,0,0,0,0,0
471 0,0,0,0,0,0
472 0,0,0,0,0,0
474 0,0,0,0,0,0
478 0,0,0,0,0,0
555 0,0,0,0,0,0
556 0,0,0,0,0,0
557 0,0,0,0,0,0
558 0,0,0,0,0,0
559 0,0,0,0,0,0
560 0,0,0,0,0,0
561 0,0,0,0,0,0
562 0,0,0,0,0,0
563 0,0,0,0,0,0
564 0,0,0,0,0,0
567 0,0,0,0,0,0
568 0,0,0,0,0,0
569 0,0,0,0,0,0
571 0,0,0,0,0,0
573 0,0,0,0,0,0
581 0,0,0,0,0,0
583 0,0,0,0,0,0
587 0,0,0,0,0,0
590 0,0,0,0,0,0
593 0,0,0,0,0,0
594 0,0,0,0,0,0
595 0,0,0,0,0,0
596 0,0,0,0,0,0
597 0,0,0,0,0,0
598 0,0,0,0,0,0
599 0,0,0,0,0,0
600 0,0,0,0,0,0
610 0,0,0,0,0,0
611 0,0,0,0,0,0
613 0,0,0,0,0,0
614 0,0,0,0,0,0
615 0,0,0,0,0,0
616 0,0,0,0,0,0
617 0,0,0,0,0,0
618 0,0,0,0,0,0
619 0,0,0,0,0,0
620 0,0,0,0,0,0
621 0,0,0,0,0,0
622 0,0,0,0,0,0
623 0,0,0,0,0,0
624 0,0,0,0,0,0
625 0,0,0,0,0,0
629 0,0,0,0,0,0
631 0,0,0,0,0,0
632 0,0,0,0,0,0
633 0,0,0,0,0,0
634 0,0,0,0,0,0
635 0,0,0,0,0,0
637 0,0,0,0,0,0
639 0,0,0,0,0,0
641 0,0,0,0,0,0
642 0,0,0,0,0,0
643 0,0,0,0,0,0
92 0,0,0,0,0,0.9
93 0,0,0,0,0,0.9
94 0,0,0,0,0,0.9
95 0,0,0,0,0,0.9
96 0,0,0,0,0,0.9
97 0,0,0,0,0,0.9
102 0,0,0,0,0,0.9
139 0,0,0,0,0,0.9
146 0,0,0,0,0,0.9
173 0,0,0,0,0,0.9
235 0,0,0,0,0,0.9
240 0,0,0,0,0,0.9
245 0,0,0,0,0,0.9
370 0,0,0,0,0,0.9
391 0,0,0,0,0,0.9
404 0,0,0,0,0.5,0.5
147 0,0,0,0,0.5,0.5
149 0,0,0,0,0.5,0.5
160 0,0,0,0,0.5,0.5
195 0,0,0,0,0.5,0.5
304 0,0,0,0,0.5,0.5
306 0,0,0,0,0.5,0.5
307 0,0,0,0,0.5,0.5
308 0,0,0,0,0.5,0.5
309 0,0,0,0,0.5,0.5
310 0,0,0,0,0.5,0.5
315 0,0,0,0,0.5,0.5
316 0,0,0,0,0.5,0.5
343 0,0,0,0,0.5,0.5
344 0,0,0,0,0.5,0.5
366 0,0,0,0,0.5,0.5
367 0,0,0,0,0.5,0.5
372 0,0,0,0,0.5,0.5
373 0,0,0,0,0.5,0.5
376 0,0,0,0,0.5,0.5
385 0,0,0,0,0.5,0.5
386 0,0,0,0,0.5,0.5
399 0,0,0,0,0.5,0.5
411 0,0,0,0,0.5,0.5
415 0,0,0,0,0.5,0.5
88 0.5,0,0,0,0,0.5
89 0.5,0,0,0,0,0.5
90 0.5,0,0,0,0,0.5
91 0.5,0,0,0,0,0.5
133 0.5,0,0,0,0,0.5
134 0,0,0,0,0.9,0
152 0,0,0,0,0.9,0
153 0,0,0,0,0.9,0
154 0,0,0,0,0.9,0
155 0,0,0,0,0.9,0
156 0,0,0,0,0.9,0
157 0,0,0,0,0.9,0
158 0,0,0,0,0.9,0
159 0,0,0,0,0.9,0
161 0,0,0,0,0.9,0
162 0,0,0,0,0.9,0
182 0,0,0,0,0.9,0
183 0,0,0,0,0.9,0
184 0,0,0,0,0.9,0
185 0,0,0,0,0.9,0
192 0,0,0,0,0.9,0
197 0,0,0,0,0.9,0
199 0,0,0,0,0.9,0
201 0,0,0,0,0.9,0
202 0,0,0,0,0.9,0
203 0,0,0,0,0.9,0
204 0,0,0,0,0.9,0
205 0,0,0,0,0.9,0
206 0,0,0,0,0.9,0
211 0,0,0,0,0.9,0
215 0,0,0,0,0.9,0
221 0,0,0,0,0.9,0
228 0,0,0,0,0.9,0
237 0,0,0,0,0.9,0
246 0,0,0,0,0.9,0
255 0,0,0,0,0.9,0
258 0,0,0,0,0.9,0
264 0,0,0,0,0.9,0
265 0,0,0,0,0.9,0
266 0,0,0,0,0.9,0
267 0,0,0,0,0.9,0
276 0,0,0,0,0.9,0
278 0,0,0,0,0.9,0
288 0,0,0,0,0.9,0
289 0,0,0,0,0.9,0
292 0,0,0,0,0.9,0
294 0,0,0,0,0.9,0
295 0,0,0,0,0.9,0
297 0,0,0,0,0.9,0
313 0,0,0,0,0.9,0
314 0,0,0,0,0.9,0
317 0,0,0,0,0.9,0
318 0,0,0,0,0.9,0
319 0,0,0,0,0.9,0
321 0,0,0,0,0.9,0
322 0,0,0,0,0.9,0
323 0,0,0,0,0.9,0
324 0,0,0,0,0.9,0
325 0,0,0,0,0.9,0
326 0,0,0,0,0.9,0
328 0,0,0,0,0.9,0
329 0,0,0,0,0.9,0
330 0,0,0,0,0.9,0
345 0,0,0,0,0.9,0
363 0,0,0,0,0.9,0
364 0,0,0,0,0.9,0
365 0,0,0,0,0.9,0
368 0,0,0,0,0.9,0
371 0,0,0,0,0.9,0
374 0,0,0,0,0.9,0
375 0,0,0,0,0.9,0
382 0,0,0,0,0.9,0
383 0,0,0,0,0.9,0
384 0,0,0,0,0.9,0
387 0,0,0,0,0.9,0
388 0,0,0,0,0.9,0
389 0,0,0,0,0.9,0
390 0,0,0,0,0.9,0
392 0,0,0,0,0.9,0
393 0,0,0,0,0.9,0
394 0,0,0,0,0.9,0
395 0,0,0,0,0.9,0
396 0,0,0,0,0.9,0
398 0,0,0,0,0.9,0
188 0,0,0,0,0.5,0.5
191 0,0,0,0,0.5,0.5
217 0,0,0,0,0.5,0.5
219 0,0,0,0,0.5,0.5
220 0,0,0,0,0.5,0.5
225 0,0,0,0,0.5,0.5
226 0,0,0,0,0.5,0.5
239 0,0,0,0,0.5,0.5
262 0,0,0,0,0.5,0.5
263 0,0,0,0,0.5,0.5
284 0,0,0,0,0.5,0.5
285 0,0,0,0,0.5,0.5
312 0,0,0,0,0.5,0.5
452 0,0,0,0,0.5,0.5
465 0,0,0,0,0.5,0.5